1.44063 0.842324 4.65136 -0.236912 1.00721 4.45995 0.80178 1.40372 3.52452 0.436684 2.50866 1.99769 4.88826 2.99706 2.03485 3.11893 2.99881 3.93061 1.68193 0.6102 1.5523 4.00793 0.0934564 0.0263359 2.64333 1.14364 2.70541 -0.474134 1.81911 0.922396 3.10167 1.1171 4.08573 1.20424 -0.223742 1.91026 1.56846 2.26352 2.05165 -2.40267 1.18229 1.46947 2.02455 -0.147565 2.28809 3.64663 1.66044 1.60533 2.19653 -1.80979 1.33232 0.174867 1.8698 -0.710617 3.15334 -0.312056 1.33608 1.56688 4.16017 2.57235 -1.28308 0.470079 4.49417 0.788841 
0.274493 2.20505 2.51628 0.747592 -0.160532 2.1691 0.381746 1.48929 -3.70443 0.0609163 0.305381 -1.14936 2.50877 0.377736 0.996416 3.23138 0.948513 -1.51945 3.96744 3.00597 1.74323 0.52644 0.702782 0.907276 0.484463 2.65052 -1.98887 3.45766 -1.04289 -0.611768 2.7124 -0.918876 1.14963 -1.14018 1.1071 2.10935 0.507647 2.28157 -0.730549 -0.583071 -0.801337 0.529976 0.144754 -0.57267 -1.844 4.80771 -3.38676 1.59914 -1.16498 -2.8845 -1.45631 0.940631 -0.147799 2.41112 -0.587966 -0.0473856 0.423884 -0.452489 0.832795 -4.11613 2.06391 -0.525724 -0.691412 0.125345 
-2.43663 2.80373 -0.416041 0.767152 -2.75585 -0.646887 -1.99451 1.6974 1.12494 -2.29272 1.18504 -4.35152 0.913411 1.4126 -2.82154 -3.53378 -2.36105 -3.31444 -0.313031 3.23478 -1.8765 0.318141 -0.507662 1.78087 1.93939 -1.56395 -0.657186 -1.7344 1.08277 -0.0467207 0.961292 1.37066 -1.2434 -0.968516 -2.17791 -0.733751 -1.25032 -1.80773 2.76649 0.250873 0.643866 -2.39938 -0.0773741 0.37454 0.0217563 -1.11207 -0.146398 -0.570957 1.41381 -4.79045 -5.53547 -1.96287 1.2804 -0.208749 -1.23797 -2.80074 2.34531 -3.76625 -2.01462 1.74297 -2.49162 1.10441 -1.5765 -1.67524 
0.231864 -1.03622 2.8169 2.51752 3.33305 -3.71987 -0.753081 -1.98691 -1.02664 2.71078 2.53459 1.72476 -0.725281 0.331524 -0.884574 -3.1605 -0.702976 0.737517 1.81295 3.18777 -1.60992 -3.04856 -0.431089 0.954273 1.31246 0.6825 1.88149 2.01041 2.8003 3.09212 0.49626 -1.02742 0.354837 2.00613 -0.608047 2.49709 -3.22262 -0.820978 0.53377 -0.255788 0.0122416 -0.496137 0.576675 0.244243 -0.390362 2.12925 -0.0966149 -1.83582 1.50713 0.651946 1.11987 1.63456 0.443256 2.51187 0.00312032 1.19215 -1.30606 -1.36998 0.601525 -0.928396 -1.95842 -0.562453 0.856372 -1.0871 
1.42716 -0.767109 1.26789 -2.86861 2.09496 -2.10161 -0.536863 -0.163745 -2.35482 1.18745 -1.11422 -0.00573441 1.48081 -3.25159 1.74808 0.897892 -2.44735 -1.81374 0.728865 1.5382 -1.78828 -0.789766 2.25048 -2.94452 -0.918232 -1.8489 -0.0289681 -4.49973 1.75576 -1.89285 2.76134 0.0982953 1.32253 -3.16056 -1.87792 1.6431 0.873399 -1.68868 -2.01596 2.01192 -2.22211 -1.71347 -1.34061 -2.85578 -1.112 -1.10114 -0.319619 2.18345 -0.396967 -2.16042 -0.69638 -1.99514 -0.0812027 -4.19277 1.99246 -0.542823 -1.11067 -0.0142928 0.614128 -0.318677 -3.40612 -0.672109 -1.96434 3.40865 
-3.30463 1.56784 -2.32508 1.39047 3.20444 1.09091 2.35759 0.496697 0.337091 2.26866 -0.407937 -1.91448 1.44708 1.48707 1.78873 -1.55092 -0.597518 3.07774 1.60641 -1.46284 3.304 0.289248 -0.254477 1.09997 -1.06541 -0.746981 -0.123931 1.45787 1.29358 0.86434 0.193512 3.0587 -0.503443 -0.362433 2.7611 0.521091 -2.321 3.50601 1.04151 0.749514 0.0710642 1.75246 0.654084 -0.535119 -2.12341 0.650905 -0.647769 0.331775 -1.9062 -2.6467 2.19442 1.30668 -1.62911 -0.991209 2.82372 -3.00261 -2.54766 -1.36037 -0.279569 -0.273366 -3.12128 0.140198 -2.09207 -2.68763 
0.885716 -1.06627 -0.146327 4.6547 -2.45992 0.217924 -2.65072 -2.03252 -1.08081 -1.67534 3.41869 0.451287 -0.493724 1.19177 3.45194 0.128846 0.913776 0.967444 -0.10251 0.445092 -1.19801 -0.741818 -1.52073 -1.04036 0.160247 0.39818 1.41756 2.92542 -0.910899 1.37717 3.24302 1.20919 2.87445 -0.248711 -2.97694 1.81646 -1.56207 1.83202 -1.3796 2.13779 1.17006 0.343271 0.719497 -0.0888561 2.90348 1.60024 -1.2518 -0.481081 0.136211 2.71556 -1.97956 1.31903 0.0841813 -1.13622 -1.33655 -1.87708 1.67831 1.05958 -0.064586 0.652952 -1.35405 2.11002 -0.0558895 1.49208 
1.5303 -1.59296 0.482402 3.74266 1.11151 -0.276781 3.55523 2.86298 -1.4667 -2.24025 -2.49606 0.305876 1.06891 -0.243211 -1.36595 1.11167 -1.45858 1.22306 -1.29814 -1.91232 -3.59427 -1.03331 -0.190048 2.57636 -2.01438 -2.30103 0.526537 -1.00139 -0.309081 -2.61984 1.5153 1.51152 3.13147 -2.84604 -3.38406 1.3122 -0.841609 0.772666 -5.77834 -0.578864 -1.84803 -0.516104 5.08894 -2.63735 -0.777642 -1.39681 2.26127 0.803605 0.351205 -1.25372 -2.72052 -1.48977 -0.296102 1.18323 -0.722336 2.42884 4.45847 0.625348 0.957416 1.2311 1.01108 -4.02377 0.664307 -2.53853 
2.37759 2.96148 2.71978 0.45639 -1.6332 1.35723 2.49919 2.57282 -1.95917 3.68162 1.83942 1.5472 -0.482557 -2.17722 -1.08229 -1.83143 2.47118 -0.619818 -0.731189 0.852003 2.83489 -1.27022 -1.12681 1.58581 -1.2156 -2.04735 -2.01495 0.992237 -0.795252 3.74381 0.954227 0.412485 3.44826 -0.637928 -3.13768 -0.372683 -1.50268 5.08373 -0.479162 -0.219585 0.158913 -4.42754 -0.419529 -0.9354 0.987162 -2.2366 2.03531 -1.0987 -0.326751 0.4769 -1.38164 1.75045 -0.891722 -0.261098 1.31708 1.19887 1.74032 0.0449003 -0.12104 -0.315375 1.15088 -2.36433 1.41434 0.28228 
1.02859 1.53257 -0.613811 -0.596483 -2.08143 -2.2435 -1.49199 -2.57428 -0.334856 -0.956686 -3.45887 2.77527 0.624215 4.23642 -0.29403 -1.1128 3.09901 -1.96397 -0.5005 1.52702 -0.665255 2.42254 -0.16105 3.91866 0.370791 1.16754 -1.83999 -0.84128 -0.851503 2.66791 1.76949 -1.50549 -2.97171 -1.71308 -2.24098 0.844205 0.122647 0.812016 -1.0767 0.0932562 -2.32452 0.806508 1.33532 -3.49045 -2.45929 -0.801696 -2.54379 1.64082 -1.49832 -0.717418 2.36895 1.32148 1.55225 -1.56633 -1.00672 -0.876061 -0.545161 0.0268035 -3.13284 -1.25413 -1.16946 -0.957496 -0.541738 1.61304 
0.875402 0.245525 -2.75265 -0.454526 2.96293 -0.485273 -1.45763 -0.654724 -2.91706 -2.56601 -0.722006 0.276304 0.945865 0.350943 1.62224 -2.98595 -0.870403 -3.22638 2.08959 -0.824332 0.801872 1.42795 -0.334945 0.323576 -5.04813 -3.60021 -1.6591 0.614627 2.07809 -1.13278 -1.25756 -0.361269 -0.270904 -0.0310135 -2.8787 2.87122 -2.90064 -2.6606 2.72783 -2.56621 -1.69038 -0.20134 0.0626139 -2.12623 -1.07088 -0.291711 1.63244 -2.45937 -1.12914 2.50581 -0.810293 0.97532 0.38242 1.09319 3.60577 -3.77655 -0.187997 -1.80378 1.36494 2.85563 3.19649 1.77951 2.1217 -0.552439 
0.507156 1.69729 0.0388496 1.38071 0.673699 -2.47109 1.37052 2.97917 4.08711 1.67369 1.85178 -0.163982 0.854635 -0.697154 -1.42435 1.09093 4.95378 -0.614391 2.00269 -0.12808 -0.958967 0.890381 3.29182 -0.212653 -2.97494 0.749978 2.42926 1.23731 0.66642 0.545917 -0.928957 -3.30972 1.48733 2.92405 -2.78 1.23193 1.46665 1.24253 -1.22415 3.16955 1.13073 2.74233 -0.328916 1.68751 0.469212 1.44566 1.39883 1.80045 -1.34489 0.295402 -2.46149 2.85629 2.12114 -1.41862 1.51363 -0.278788 1.979 0.350893 0.97094 0.518547 0.5625 -0.202945 0.404126 -0.0807872 
-0.603181 -2.07196 -0.287056 -0.183564 -0.129052 -1.87837 -1.05562 -2.50995 0.634953 0.969615 -4.75713 0.0654989 -0.444152 -0.746632 0.73646 -2.44771 -0.790445 1.41565 -0.513284 3.25922 0.499071 -2.44547 1.20194 -0.575013 -2.05648 3.36276 3.12718 -0.449352 -5.08878 -4.14652 -0.248211 0.668591 3.45167 -1.43846 -0.722192 -1.56204 2.21722 -1.56579 1.81908 -1.14029 0.329678 -0.737826 -0.702558 -2.3215 -2.69565 2.2844 -0.442091 0.616278 -1.56485 0.170986 0.288391 0.777815 5.00853 -0.0916158 -1.22312 0.328582 -1.48028 1.41013 1.90792 1.47775 -3.26895 1.05606 3.4611 -1.13468 
4.91748 -0.453658 2.72078 2.1234 3.15126 0.751097 2.83175 -0.750786 -0.397519 -1.03769 1.73612 1.32654 -1.99517 1.24057 2.09005 0.326372 -2.69956 0.626357 4.76451 2.65271 4.54813 1.59295 1.87479 -0.309067 -1.05058 2.09205 0.642029 -0.402118 0.383097 -0.716887 0.880283 0.983668 -0.846468 1.38507 0.132786 -2.78501 -5.63977 1.24852 -1.15405 -1.65211 -3.96919 2.55645 1.52333 1.02327 3.35944 -0.50891 -0.0938592 -2.17664 -1.17981 1.12145 1.93149 0.12372 -0.370189 -3.8399 0.647592 1.76874 1.02918 -3.50924 2.32533 1.47317 -1.82507 -0.0950543 -1.40369 0.310745 
4.49678 2.52727 1.79004 -3.18761 -0.113586 0.304491 -3.36696 -1.78244 -1.39012 -1.8567 -2.10159 -0.519621 0.606398 -3.0649 -1.46599 -3.80337 -3.17246 2.43289 -1.16922 -0.123882 -0.491513 -0.327444 -1.36523 -2.15816 0.0966586 -1.82559 2.74022 -3.03481 -3.20219 1.03894 -3.68269 -0.943043 -1.56435 -2.06658 -1.54571 0.458048 -0.877833 0.590906 -0.558156 -1.62975 -2.90416 1.74185 -3.01324 -3.19117 1.17999 1.83369 0.592706 -0.0906205 2.24698 2.01535 1.61206 -0.720533 -3.09504 -1.79231 -3.34855 -1.61615 0.411947 -5.03446 -1.85713 2.61394 2.96966 -1.7185 -1.34131 -2.41151 
1.95971 -2.96767 -0.413437 0.270462 -0.280365 -2.67838 1.54407 2.57924 -3.25233 -2.59879 1.877 -0.863289 3.38134 -1.54257 1.9683 -0.966165 2.5634 0.140096 -1.06834 0.931067 3.90123 -2.18803 0.106357 -1.16572 -2.9383 -1.3928 -2.22631 -1.60501 0.451729 0.524653 -2.37538 -1.25066 -2.28919 1.99104 -1.99281 -3.7088 0.145675 -0.528765 0.239307 0.353383 1.19358 -0.621663 0.863722 -0.984407 -0.448794 -0.993425 -2.74434 -2.29936 -2.12133 0.307354 -0.247178 -3.53592 1.2069 0.439582 -5.00951 -1.66372 -1.28745 0.360018 0.688679 -2.04465 -1.65809 -0.233571 2.24256 -1.2878 
1.80075 1.83079 -0.169435 -0.0725893 -1.95333 -0.370831 1.91875 -3.28183 -0.382156 1.962 3.56116 -0.00106788 2.61006 1.48945 -0.494274 2.28044 -2.01555 -1.22679 1.56489 -0.0971098 2.43982 2.83797 -4.91862 -0.72606 -4.76008 -0.408273 0.786856 2.63777 3.61067 2.84993 -0.430411 -2.99639 0.815103 2.09893 1.2377 -2.16501 -0.158386 0.0595021 0.657791 0.959158 4.71957 0.545474 0.628856 -1.23703 0.316925 -2.72479 -1.5859 -0.000756667 1.56836 -1.32198 1.79339 -0.0750012 1.02274 -1.54982 0.911636 1.55365 2.82447 0.54994 -1.04899 3.35059 -0.655141 1.7706 0.636959 -1.12529 
0.295742 0.0624468 4.07906 1.12853 0.817999 2.95524 -0.936281 -0.379616 3.28231 0.680107 0.414652 0.658132 -0.710285 -1.60528 2.57897 -0.928816 0.0709592 -3.57438 -1.54172 -1.81909 -0.107022 -0.613151 0.459355 1.51227 -0.850251 1.90288 1.98772 1.64552 -2.3129 -1.67089 0.76977 2.55632 -2.58708 0.27469 0.402021 -1.78089 0.110574 -0.294015 -1.52235 -1.55801 1.31089 -0.495494 -2.26382 0.25966 1.10859 -2.61725 2.59346 1.97652 1.513 -2.1503 -1.5084 -0.75793 0.34774 0.99819 -1.1943 -0.335558 -2.93431 1.03215 -1.24068 3.31322 -1.30145 -3.24149 1.53477 0.511368 
3.12045 0.834137 -1.44069 1.87576 2.1407 2.00013 1.51946 2.35806 2.00562 4.58101 -2.0621 2.42073 2.91294 3.30795 1.79124 0.641114 0.868228 0.503332 1.02733 1.52146 2.54116 -0.726492 2.08152 1.45279 0.985899 2.17447 1.54214 -0.662761 2.87084 3.35336 4.15165 1.7838 -3.67478 1.96188 2.20393 0.371573 0.0859733 -0.895739 0.107302 5.41524 -1.49674 3.13192 -0.161664 -0.786966 5.70523 0.821336 5.22898 -1.5757 -1.14637 -0.708272 2.44055 3.59419 0.255709 2.10581 0.0248027 1.61059 0.800234 1.6781 2.32146 1.15133 4.10609 1.62373 4.22158 2.89802 
-1.01756 1.90263 -1.98356 -1.19555 3.78142 -0.59021 0.466303 -0.147434 0.486009 -2.26592 -1.02058 0.0828913 0.379936 -0.343774 2.61277 0.866093 -0.626236 2.53392 -1.2519 2.0276 -1.03161 -2.41499 -2.26553 -1.47051 1.06395 -2.37535 -1.376 0.196026 -1.96684 0.794275 1.07808 -0.543907 -2.66751 0.601604 0.436167 -2.46233 1.89537 0.930017 -0.287577 -1.71734 -3.84781 -0.265547 1.49046 -0.581642 -0.569585 -0.469603 0.437247 -2.06033 3.18257 -1.12603 1.51028 -1.22264 1.90808 -0.963812 -1.66773 -1.26735 -0.793045 2.17363 -2.30798 1.40661 -0.868398 -2.07206 2.9219 1.28415 
-2.24259 4.14453 1.56851 0.246075 1.30399 -0.58213 -1.22674 -0.778982 -2.25275 -0.628991 -1.11492 2.27601 -3.4958 0.100469 -2.12151 0.993209 -1.20978 -1.311 -0.47102 -0.805603 0.12921 0.233521 3.08511 -1.9456 -2.37008 -2.52882 -0.879076 -1.16079 -0.641464 -0.762773 0.875925 -1.39315 0.0646954 0.501534 1.47094 -0.721408 0.663787 -4.19796 1.00193 0.089103 0.969821 1.04057 -4.40226 -2.55101 1.17306 -1.9469 -1.49662 -2.3859 -4.10929 -1.37957 -2.52432 0.547895 -0.224511 -2.39647 -1.55245 2.56483 -0.151122 0.0249733 1.62859 -2.24398 0.512454 -1.47351 0.298079 -5.14417 
-3.97585 0.422164 0.180354 -1.90549 0.0546862 0.655094 1.73368 1.01836 -1.62395 -1.19705 -0.626771 0.718487 -0.0542543 -2.53064 -2.49134 -0.556394 -0.0204104 -0.884652 -0.632425 1.24001 2.51818 0.922571 -1.91817 5.20587 -0.181528 0.567459 3.52793 1.96985 0.257722 0.895031 2.84622 0.312468 1.31439 1.43774 2.17208 2.61448 -0.441108 -0.970899 1.85896 -0.623083 -2.13168 1.49629 2.34271 1.38064 2.78045 1.13111 -0.193307 -1.38646 -0.496973 4.81261 -2.81925 -0.951396 -2.39411 -0.888675 1.7028 -0.380679 0.831837 0.17634 1.86055 1.99758 -0.931562 4.50825 3.28267 -0.422633 
-0.832132 3.43314 0.133435 0.286736 3.03118 -0.236829 4.96332 -2.2999 3.33638 -1.93555 1.79715 1.35783 3.61024 -4.16052 1.75822 -1.88086 0.80731 0.601246 1.74319 2.41192 -0.0281541 1.14883 -2.63859 0.115904 1.02633 2.10395 -1.32981 -0.0536171 1.74417 -1.24738 0.27876 2.53399 1.11741 -0.675131 -0.740364 1.92358 1.2083 1.09761 2.20372 0.374658 2.79538 5.09297 -1.63844 0.279717 1.19469 -2.95097 0.677954 3.87103 -0.204968 2.50925 -3.16333 3.35936 0.0699458 3.41913 0.385734 3.16999 -1.48886 -0.684553 -1.83634 1.06856 0.990873 2.01985 -0.36466 1.90956 
2.32238 1.59719 -0.110899 2.01388 2.30527 1.50262 -0.228816 1.46091 -0.324045 1.18468 -1.84801 0.188745 0.0162066 -1.58288 -1.22116 -1.3137 2.32136 3.42707 0.348944 4.84808 1.45337 0.238074 1.60657 1.83569 0.906075 1.93427 1.22203 1.11362 4.1061 -1.91366 1.49219 -0.39981 -1.12997 1.55062 3.04511 2.21237 -1.94199 0.921678 1.27413 1.00353 1.4992 -1.46916 0.520156 -1.56585 0.967078 -1.53163 -3.60372 4.45707 4.30297 -1.30325 -1.75138 -2.01802 2.25523 -2.03678 1.30785 3.52802 0.637606 1.68729 -0.131347 0.860966 -0.255584 -0.431087 0.039878 3.09521 
0.533472 1.13753 3.22435 1.04143 -0.00255111 -5.32617 -0.577166 -0.919893 0.0152846 -1.82435 -1.38858 -2.90782 -1.39147 -0.316926 0.965765 -0.0894063 1.88511 0.0228768 -0.611988 -2.70869 1.82671 1.06491 -0.444247 -0.0815095 -0.16019 0.538092 0.630175 3.2077 1.49797 0.442215 -0.918043 3.34325 -0.309612 -0.388089 -0.828363 0.419384 -0.819475 -0.0182251 2.14521 3.87677 -0.809191 1.29185 1.52382 2.12272 2.20784 3.24857 1.45199 2.47301 -1.58274 -0.368014 0.442559 -2.91523 -1.03169 0.122191 1.36738 1.99198 1.21737 -0.873374 -0.568323 2.98146 0.156799 -1.71218 2.12188 0.634315 
-0.897866 1.70057 1.61246 2.92245 -3.35915 -1.9519 2.95738 1.56446 0.329438 -2.18411 -1.50685 2.09605 0.454223 0.645703 0.324773 1.57746 -2.40237 0.885354 2.42122 -2.47517 0.523382 -2.25898 3.00044 -2.98548 -0.453228 0.844068 -1.60689 -0.955823 -2.12152 0.465462 -3.24096 0.950503 2.14303 3.49226 1.38466 4.29026 2.47685 -0.898375 3.70449 -0.614173 -0.0650444 0.359532 -1.46221 -0.631457 2.66828 1.35365 -2.45755 1.86325 1.69228 1.11656 1.41261 2.09581 0.377376 2.49138 -1.01239 -0.830635 1.57239 -1.25374 -3.29252 1.1794 -3.07417 -1.11936 -0.765715 3.7021 
-0.370405 -3.11401 -0.954093 -3.19033 -0.896612 -1.19441 0.233173 -3.34762 -0.550657 -1.29394 -1.46598 -2.76321 -1.92367 -0.629451 -1.44102 -3.56925 3.43415 -2.18907 3.54895 -2.35186 -2.00944 -3.34311 -4.7099 1.12949 0.0809929 -2.04367 0.372262 -1.75278 1.77579 -0.524466 0.713103 -2.47928 0.476263 1.71356 -0.863139 0.970091 3.9528 -0.914253 -1.76212 -1.17747 -1.61342 0.0903663 -2.5899 0.130529 -0.539106 -0.452957 0.678127 -0.835632 -2.42337 -3.30557 -0.273573 0.39319 -5.12821 -4.18041 -1.29258 1.21081 -0.704673 2.58383 -1.8085 4.02471 -1.76768 -0.553762 -2.22272 2.12741 
-1.06374 -1.19159 -0.962746 2.11123 -1.79811 0.491764 1.07885 -4.12392 -1.51633 -0.25293 1.55987 -4.53021 0.456659 -1.50019 -3.37919 0.295457 -1.59933 0.309684 -5.26123 -1.82154 1.43976 -2.19765 -2.3147 0.617315 -1.07956 2.52341 -2.04955 -0.182694 -0.498458 2.04918 -0.201621 -1.76924 1.21886 -0.420967 -0.584733 1.37286 -4.59867 -1.06232 -1.7381 -0.0442065 -3.015 0.565135 0.490307 -0.984159 1.38921 0.712941 0.488411 1.1631 -0.954337 -0.172941 0.847197 -2.11302 -1.74203 -1.18621 -0.189171 -1.5304 -2.88556 3.15833 1.92197 0.325247 0.243124 0.509743 1.26875 -1.27628 
-1.31536 -2.3107 -1.14682 -2.22204 -1.38469 -0.0734186 -1.89967 -3.1033 0.531129 -1.06262 -0.522062 -1.11333 -2.5819 -1.99524 -3.38582 0.394349 -0.982688 -1.08482 -0.304207 0.755092 0.307868 -2.43349 -1.07636 -2.74693 -2.06992 -0.740387 -3.07767 -2.02402 -1.80519 -1.24946 0.257535 -0.764289 -1.08988 -0.963289 -3.63548 -1.21821 -1.4334 -0.314676 -0.317889 -3.06048 1.47507 2.94302 3.60506 -4.29794 1.67296 -0.941942 -2.7639 -2.74587 -3.04747 1.66499 -3.24342 -0.20446 0.253569 1.45154 1.52868 0.0297533 -2.63965 -0.0544746 -2.29341 0.487589 -1.81467 -3.18475 -0.154439 -0.825006 
2.97827 0.474111 -3.46979 3.71388 -0.70584 -0.488518 -0.672185 -0.220518 -0.0748934 0.725163 -2.0901 -0.393988 -1.12576 0.203059 2.69893 2.03222 0.737097 -2.3899 0.147526 0.120751 -0.202566 0.911427 -0.907341 -2.90125 -2.4759 0.566655 2.19722 -1.94747 -1.45733 -1.97637 0.666475 -0.908753 2.52898 2.80822 0.452001 -0.0412943 1.59205 3.04258 2.6656 0.749839 -1.28274 2.23986 2.53495 1.48912 -0.243034 -0.841886 2.5344 0.188908 2.21212 -2.42932 -2.64636 -2.05377 -3.41773 1.00504 -1.19161 1.90568 -1.93006 -2.51571 -1.52672 0.0447249 0.033232 1.05267 -1.69109 -0.619618 
1.37154 2.09431 2.39554 0.326516 2.34915 0.732709 -0.0150019 -0.92105 -1.67605 -3.98976 0.502261 -0.335279 0.631249 4.62511 -2.22834 1.71165 1.77296 -0.547657 -0.546971 2.18529 -1.14461 1.04957 0.214976 2.18661 0.616899 -1.27381 3.91643 -3.51176 0.103327 3.22625 -3.117 4.22038 -0.297398 4.24076 -0.21634 -1.26481 1.9479 1.61052 0.51017 -0.42378 -0.0812916 -0.703284 -2.17966 -2.26805 -0.524142 1.79572 0.171277 0.849013 1.25492 2.27533 -1.5289 1.22858 1.65791 2.00943 -0.396058 2.23342 -4.04297 3.26025 1.08008 -1.8998 0.223637 1.76225 -1.68299 0.58591 
-3.51356 -0.648491 -0.729578 -0.042359 -0.172573 1.9459 -1.36871 1.05708 2.7332 -0.260038 2.04274 4.72398 2.92503 0.652633 -1.6208 -2.07634 0.286261 -2.01777 2.53937 -1.18174 1.7446 -1.99016 0.218235 -1.24945 -0.818078 -0.148433 -1.98673 -0.162552 0.108301 1.42121 -0.19706 -1.96019 -0.431799 -1.58123 1.11229 -1.60146 2.06261 -0.379754 0.230546 0.662547 -0.538728 -1.30451 0.541458 -3.23667 -0.119061 0.840291 1.51897 2.7587 -1.93841 -0.126449 1.10449 -3.10155 -1.14842 1.78013 1.25205 3.04547 1.09443 2.22808 0.942055 -0.238442 -3.23009 2.52136 -1.17391 -1.4547 
