2.7551 -0.539426 
0.292135 6.59594 
2.34086 -1.22154 
-1.98768 -0.867707 
-0.734984 -1.4309 
-0.936029 2.69238 
5.22929 -1.53166 
4.82373 -1.40906 
-1.52887 1.86044 
4.23287 -1.00529 
-0.671384 -1.29621 
-1.39755 0.0960996 
2.86185 -0.44986 
-1.58424 -1.0208 
3.38361 3.17054 
2.18358 2.79699 
0.458965 2.12823 
-1.38799 4.39541 
1.42852 0.141636 
2.77702 5.03605 
0.337478 2.11127 
-1.23941 1.55997 
1.92335 -0.765583 
2.1811 3.45882 
-1.0714 0.754222 
2.26468 -0.723541 
-1.81436 -1.11244 
3.13657 -1.48283 
0.324097 4.36637 
2.35594 2.68722 
-0.828507 -1.1533 
-1.24936 2.87541 
-1.1966 -0.847776 
-0.292063 -0.996916 
-0.797041 0.965221 
-0.270231 -0.835833 
0.38404 -1.10719 
-0.680989 1.15971 
0.505149 -0.850791 
2.12927 -1.5543 
2.41472 3.30437 
-1.08343 -1.20772 
-0.525773 -1.01749 
-0.859562 -1.14637 
-0.91888 2.78192 
2.86033 -0.699088 
-0.790843 -0.976428 
-0.958915 2.71105 
-0.969802 -0.900994 
0.129888 0.566866 
0.329229 2.62573 
1.86019 0.330455 
-0.873129 -2.13566 
-0.911768 -0.76942 
0.000927727 -0.815804 
-0.994806 -1.01357 
-1.17834 0.316565 
2.66615 -0.873265 
-1.0767 -0.591902 
-0.390055 0.522381 
-1.00316 -0.788823 
-0.619225 -0.574482 
-1.12847 -1.55931 
3.90084 -0.619368 
