-0.0177779 -0.792848 0.601767 -0.109613 -0.269385 0.445344 0.901489 -0.667853 -0.610966 -0.506776 0.614404 0.284697 0.897354 -0.172962 -0.975233 -0.745394 0.161606 0.11917 0.887003 -0.140566 -0.492893 -0.0444316 -0.76164 -0.878785 0.261301 -0.311271 0.46559 -0.837559 -0.852228 0.609956 -0.468243 0.236928 
-0.103626 1.30439 -0.456953 -2.0492 -1.20033 0.88633 1.18176 -1.16636 0.105354 -0.840789 0.640511 -0.59245 -0.512411 -0.648139 0.0457745 -0.367946 0.847524 -0.718577 0.61193 -0.90369 -0.214032 0.618578 -0.196842 -0.49318 -0.369358 0.38666 0.427856 0.781844 0.721936 0.306906 1.0247 -0.456873 
0.396537 0.374471 -0.0930847 -0.00951996 0.992414 -1.4382 -0.739796 0.223232 1.78964 -0.122998 0.613253 -0.824798 -0.653803 -0.945842 -1.42506 0.423574 1.11155 0.849093 -0.312719 -0.595581 -1.45416 0.0557694 1.05907 1.06832 0.947061 0.086071 0.224157 0.939285 -0.518813 0.435227 0.805397 0.0275153 
-0.986047 -1.63398 0.0949086 0.56875 -0.337076 -0.167641 1.33981 -1.137 -0.0274291 -0.953746 -0.94434 0.130658 -1.18544 0.6669 0.506769 0.951184 1.04079 -0.43864 -0.0519556 -0.00472774 -1.83897 -0.440096 0.302178 0.385608 0.959069 0.754673 0.0718591 0.0852795 0.602649 1.18867 -0.910037 -0.550591 
0 0 0 0 0 0 0 0 0 0 0 0 0 0 0 0 0 0 0 0 0 0 0 0 0 0 0 0 0 0 0 0 
0 0 0 0 0 0 0 0 0 0 0 0 0 0 0 0 0 0 0 0 0 0 0 0 0 0 0 0 0 0 0 0 
0 0 0 0 0 0 0 0 0 0 0 0 0 0 0 0 0 0 0 0 0 0 0 0 0 0 0 0 0 0 0 0 
0 0 0 0 0 0 0 0 0 0 0 0 0 0 0 0 0 0 0 0 0 0 0 0 0 0 0 0 0 0 0 0 
0 0 0 0 0 0 0 0 0 0 0 0 0 0 0 0 0 0 0 0 0 0 0 0 0 0 0 0 0 0 0 0 
0 0 0 0 0 0 0 0 0 0 0 0 0 0 0 0 0 0 0 0 0 0 0 0 0 0 0 0 0 0 0 0 
