-0.317356 1.1372 1.03924 0.544779 -0.258728 -0.568918 0.60416 -0.117347 1.01456 0.550274 -0.193784 -0.306796 1.44128 0.880421 -0.0705726 -0.14019 0.501225 -0.0936828 -0.581542 -0.541126 0.503849 -0.16454 0.675388 0.243407 1.10134 -0.196101 1.13299 -0.530704 0.494404 0.410931 -0.319308 -0.722976 -0.813965 0.641194 0.434066 0.389815 -1.45468 0.901391 -0.528716 1.41646 -1.18519 1.18125 0.980565 0.19689 -0.565558 -0.254793 -0.0905717 0.0453152 -0.863069 -0.0930161 -0.456686 -0.71467 -0.753266 -0.268764 1.36087 -0.981995 -0.13534 0.905517 -0.198101 -0.884072 -0.934223 0.018949 0.225498 0.721504 
-0.79705 -0.489378 -0.579292 -0.427961 -0.691114 0.504979 -0.790951 -0.31065 0.643248 1.54477 -1.36942 -0.273413 0.673401 0.693827 0.121449 -0.99539 -0.871075 1.37613 0.217075 -1.17894 0.0508049 0.214651 1.31241 0.377538 -1.35657 0.976407 -0.100698 -1.12005 0.82419 0.432747 0.505649 -0.2768 -0.0969227 -1.04123 -0.674409 -1.37219 0.887513 -0.613531 -1.0217 -0.00646586 -0.0947823 -0.959048 0.973451 0.772312 -1.38425 -0.414865 0.58321 0.0088909 0.548106 0.937424 -0.998149 -0.843856 0.00371796 -0.218064 -0.866701 0.329856 -0.454569 -0.0165369 -0.746253 0.971364 -0.434283 0.0302319 -0.838538 0.64806 
1.02191 -0.123531 0.300423 -0.699261 -0.0429359 -1.37094 -0.68682 -0.129342 -0.271796 0.64456 -1.2145 -0.383125 0.594727 -0.31967 0.753117 0.914094 -0.977888 0.109366 0.93752 1.066 -1.41914 -0.623039 -1.04982 -0.738739 0.253998 -0.456419 -0.546116 0.781103 0.419958 -1.07737 -0.7415 -0.712773 -0.314158 -0.495509 -0.992125 0.355958 -0.335559 0.157614 0.507184 -0.129389 -1.25573 0.325821 0.795762 0.51619 0.453102 0.868786 0.908964 0.829681 0.897047 0.0280945 0.536993 0.70739 -0.301522 0.810014 0.238355 0.148182 0.780524 -0.887463 0.471524 -0.563221 -0.544331 -0.103185 -1.25315 0.498723 
0.444288 -0.676235 -0.574284 -0.859488 -0.180131 1.22323 0.743582 0.882766 0.484371 0.304508 -1.04889 -0.489335 1.01404 0.0130156 0.724371 -0.249976 -0.958696 -0.853913 0.00630997 0.22382 -0.0174352 -0.825189 -0.25396 0.749121 -0.245176 0.706194 0.370422 -0.776482 -0.813879 1.07463 -1.68865 1.37391 -0.0230916 0.161471 0.274489 -1.58712 -0.687211 0.0604629 -0.6165 1.25993 -0.503491 0.0860897 -1.03937 -1.33758 0.0653545 0.547172 1.22648 0.845959 -0.978144 -0.213233 0.190469 1.14201 0.841985 0.425248 -1.01169 0.333669 -0.50447 -0.861982 0.103918 -0.218364 -0.228087 -0.861794 -0.718222 -0.143962 
-1.77054 0.474287 -0.716731 0.311921 -0.920842 0.514147 -0.407954 0.826253 0.335478 -0.0857402 -0.789383 -0.82775 0.297319 0.142066 0.39253 0.540069 -1.66295 -0.0866203 0.730814 -0.549019 -0.667626 -0.978198 0.829146 -0.980129 -0.631597 -1.02528 -0.567811 1.32244 0.232916 -0.306945 0.636705 1.49016 0.543991 -1.06519 0.682713 -0.744784 -1.71495 0.204465 -0.769661 -1.35653 -0.290764 -0.267624 -0.534953 -0.743765 -0.203905 -0.0412363 0.743241 -0.748816 -0.187143 -0.0718647 -1.12008 -0.0622885 -0.407563 0.803975 1.2707 1.02748 0.869193 0.315446 -0.849184 0.200227 0.788729 -0.471786 -0.118287 0.952293 
0.74744 -0.738648 0.360298 -0.207503 0.433001 0.516927 -1.24753 0.0938145 0.864522 0.681862 0.48002 -1.06274 0.793273 -0.188102 -0.0911451 0.914868 0.234985 0.871464 -0.0683921 -0.503866 1.47839 0.418854 0.935187 -0.891261 -0.871385 0.606346 0.21532 -0.359597 -0.943048 -0.924819 0.328343 -0.372945 0.727277 1.04448 0.992298 -1.29611 -0.97946 -0.578294 0.345995 1.24865 -0.122462 1.10545 -0.573497 -0.898908 0.886098 -0.64989 -1.15658 0.784846 -0.335355 0.592803 0.340713 -1.25303 1.34971 0.524452 -0.235664 -0.447536 -0.294076 -0.842825 0.698437 -1.27299 -0.868427 1.30821 -0.646844 -0.739192 
0.136543 -1.60095 0.20802 -0.942814 0.5766 -0.168261 -0.275195 -1.34221 -1.03311 0.970035 0.88415 0.520697 -0.752716 0.34966 -0.920172 -0.603043 -0.327685 1.17668 0.882855 -0.358065 0.74171 0.383727 -0.126813 0.0337582 0.435287 0.29018 1.26787 0.69712 0.154873 0.432936 0.198176 -0.893336 0.946013 -0.867855 0.872096 0.292923 1.21673 -0.198655 -0.0533502 0.249957 -0.144626 0.202418 1.60674 -1.18166 -1.13415 -0.704133 -0.00851709 -0.701963 -0.104235 -0.710581 1.30634 0.287472 -0.500279 -0.679089 -0.709454 1.06117 -0.228003 0.736169 0.583301 0.275359 0.970359 0.0759757 -0.707973 1.46708 
-0.164167 -0.708567 0.515271 -1.28477 0.462955 -0.0711109 -1.08492 0.53911 -1.08074 0.0733969 0.121147 -0.524426 0.992028 -0.588344 1.27609 1.03597 0.163327 -0.1495 -0.526906 -1.32549 -0.70049 0.398703 1.23145 0.047919 0.115776 -0.51255 0.356214 -0.665307 0.328966 -0.523883 -1.22701 -0.364452 -0.440891 0.522971 -0.558427 0.572286 0.422102 -1.04932 1.03891 -0.0332393 1.61298 1.49954 -0.15845 -0.438609 -0.622111 -0.211156 -0.129047 0.122038 0.0743545 -0.152775 -1.07828 -0.15023 -1.0677 0.558639 -0.2182 -0.503341 0.201732 1.0604 0.586946 -0.232051 1.54738 -0.236128 -1.01195 1.63449 
0.0504786 -0.686726 0.46507 0.0155632 -0.0709732 0.700426 -1.80891 1.13431 0.946341 1.04282 1.45833 0.81143 1.37799 -1.13121 0.0186821 0.0796929 0.113273 -0.624665 1.13931 0.0482143 -0.0783076 0.498247 0.431634 1.15791 0.299324 -0.893425 -0.690981 -1.36119 -0.348872 0.336817 -0.312546 0.911665 -0.424245 -0.665042 0.364605 1.12134 -0.583183 -0.473743 0.229082 -0.0388863 0.984109 0.0960848 0.461761 -0.0340062 -0.620974 0.637453 -0.919164 0.431781 0.0447354 1.40766 -0.168565 -1.17837 -0.955454 -0.512052 -0.297612 0.411562 -0.046731 -0.478736 -1.05556 1.61866 0.0543304 -0.691163 -0.504702 -0.866282 
0.389362 0.0589888 0.518793 0.541142 -0.712172 1.34243 -0.23126 0.47198 -0.600092 -0.47223 -1.11865 1.57937 0.837888 -0.0287249 -0.119014 -0.516332 0.435399 0.866095 0.887636 -1.28818 0.945635 -0.299386 0.217914 -0.136456 -0.318517 -0.0530965 1.34097 0.675193 0.766196 0.436368 -0.104279 -0.443526 -0.621794 -0.375774 0.0917039 0.581774 1.02916 0.143016 1.2369 0.425706 0.235761 -0.239396 0.275821 -0.0297707 0.620987 -1.01642 -0.330638 -1.36365 -0.365822 -0.177976 -1.21071 -0.0978986 -0.260071 -0.116065 0.548219 0.793016 0.93235 -0.110678 0.832296 -1.58279 0.367928 0.856295 -0.637112 -1.31246 
0.456132 0.36828 0.111604 -0.858281 -0.679344 0.0144952 -0.758525 -0.462324 -0.966918 0.310993 -0.173445 0.977661 0.515856 -1.46518 -0.296217 -0.653413 0.242034 1.25723 -1.12956 -0.437998 -0.826188 -1.32881 0.61453 0.428169 -0.842997 0.772078 -0.769946 -0.1212 1.20223 0.0348304 -0.216073 -0.130584 0.516027 1.0472 0.646499 -0.802988 1.13645 0.969233 -1.06826 0.81729 0.888093 -0.145493 -0.672504 -0.563212 -0.203266 -1.23617 0.173893 -0.799528 0.992589 0.808114 -1.82422 -0.0732026 0.377009 0.174079 -0.753544 1.57668 1.85067 0.0509593 0.652543 0.281674 -0.185375 0.288811 0.698666 -0.11275 
-0.41823 -0.733306 1.47162 0.256667 0.237896 -0.933351 -0.412178 -0.570969 -0.538984 -0.302683 0.10517 -0.836231 0.361718 -0.0877841 0.418764 0.590493 -0.826557 0.102068 1.0002 0.916824 0.580153 0.411367 0.940144 1.4641 -0.255945 0.99222 0.501813 0.0282055 -0.412477 1.3831 -0.778803 -1.17119 -0.432332 0.191902 0.503381 -0.754825 1.18878 -0.952671 0.354478 0.869133 -0.229932 0.6544 -0.703406 0.453304 -1.01018 0.821673 0.449123 -0.584823 -0.544756 0.833452 0.315962 -0.588757 -0.464069 1.08278 0.32809 0.171075 -0.779271 0.209623 0.582711 0.275212 1.01886 -0.518363 -1.17455 -0.115311 
0.538425 -0.525264 0.124174 -0.909879 0.992223 -0.0319232 0.62518 1.00641 -0.803724 0.645219 0.26145 -1.16437 0.124521 1.50159 0.296195 -0.0807864 0.621995 -0.242918 -0.729196 0.397337 -0.930265 -0.374057 0.599634 0.514813 0.618664 -1.14602 1.32967 0.764468 -0.357064 -0.205924 -0.543994 -1.08253 0.00727038 0.884336 -0.890416 -0.535421 -0.878273 0.651453 -1.37181 -1.37301 0.543574 0.684238 -0.497946 0.434766 0.00906473 -1.34606 0.921604 0.38106 -1.01116 0.543038 -0.684697 -0.253792 -0.808753 -0.149313 0.4086 -0.726663 -0.0748325 1.08996 0.0358203 -0.258495 -0.93334 -0.0133327 0.218674 0.690373 
-0.558386 0.0771699 0.890008 1.06794 -0.568571 0.941923 -0.513396 -0.402692 -0.0122212 1.07485 -0.258534 0.538618 -0.436141 -0.579728 0.172017 0.762524 0.693107 0.852848 0.879111 0.688867 -0.00154975 -0.171426 1.06502 0.605494 0.96802 -0.120037 -0.517835 -0.298577 -0.242034 -0.919287 0.0158127 0.0558047 -0.879601 0.55571 -0.839656 -0.288792 -0.790802 -0.680359 0.541678 0.618045 -1.07123 -0.128892 -1.06492 0.41011 -0.40071 -0.0940834 0.581114 0.692335 0.308641 0.221836 -0.062966 -0.00993674 -0.0111399 -0.522655 0.457726 -0.838215 -0.334283 -0.694402 -0.639411 -0.846937 0.756791 0.0514483 -0.536764 0.754185 
1.4725 -0.775557 -1.08407 1.70911 0.450479 0.540359 -0.132196 0.0489218 -0.605267 -0.287627 0.474555 1.36283 -1.12535 0.379701 0.652142 -0.162397 0.153738 0.290686 1.24641 1.3913 -0.834546 -0.727769 -0.425154 -0.435971 -0.00593007 -1.08304 0.40032 -0.360501 1.38744 0.541038 0.586505 1.56191 -0.690712 1.5065 -0.824241 0.579057 -0.913601 1.19983 -1.07348 -0.14733 0.103465 -0.982776 -0.298068 -0.796207 0.988225 -0.0673486 -1.01845 -0.035371 -0.768923 -0.233812 -0.311779 -0.6672 0.599808 0.424537 -0.677297 -0.679613 -0.10396 0.325717 -0.161881 0.620262 0.336316 0.201567 -0.49239 0.454901 
-1.11646 -1.48827 1.41076 -1.10285 -0.280246 0.355062 -1.36445 -0.573262 0.804523 0.337544 1.2631 0.484174 0.906996 -1.21024 -0.924015 -0.173587 -0.430953 0.750703 1.03404 0.693868 0.537445 1.95408 -0.235953 -0.0370065 -0.844183 0.345708 0.772853 -0.524564 0.727377 -0.401959 0.712437 -1.02896 -0.135673 0.495407 -0.874081 -1.40588 -0.576485 -0.633146 0.0748148 0.295804 -1.27575 1.8426 -0.0348508 0.20123 1.17206 0.214895 0.239148 0.405246 0.392846 -0.0298364 0.097755 -0.894374 0.320925 -0.75205 0.00511696 -0.887446 0.851935 -0.440704 -0.276676 0.0530785 -0.31394 -0.959323 -0.0861485 0.278786 
0.526694 0.711319 -0.839711 0.0210496 -0.980603 -0.838459 0.970768 -0.25459 -0.973093 1.00048 -0.832026 0.813623 0.969742 1.67376 -0.498008 0.11023 -0.959479 0.215943 -1.11072 0.227154 0.184682 0.99669 -0.728218 0.019392 -0.205468 1.19302 -0.895966 -1.03529 -0.200774 -0.969579 -0.973855 1.44125 0.344325 0.752909 0.308561 0.553743 0.881498 -0.142904 -0.430296 0.0674646 -0.388961 -0.808173 -0.274138 -0.819144 -0.426909 -0.443765 -0.622141 -0.522404 -1.62816 1.00849 -0.534797 -0.158751 0.255334 -0.623958 1.29353 -0.544496 0.109499 0.692952 0.110453 -0.334696 0.973911 1.05264 -0.219167 -0.856037 
-0.207156 0.555119 -0.422922 -0.650133 -0.372858 0.525542 -0.0413339 0.821257 0.606099 0.167697 0.267498 -0.976696 -0.340807 -0.679105 -0.843919 -0.0354206 0.95517 -0.646463 1.37968 1.02126 -0.857206 -0.363971 -0.585072 -0.132339 -1.30797 -0.421176 0.512035 0.984395 -0.283288 -0.414275 -0.450549 0.617455 1.17179 1.12243 1.41362 0.0517865 -0.602967 1.075 -0.646179 -0.0227557 -0.926834 -0.27165 0.0755056 -0.318385 -0.638276 1.03576 0.294911 1.16995 -0.744021 -0.183229 0.0988745 -0.419167 -0.893666 0.581725 -0.962771 -0.0927553 0.628649 -0.679567 -0.105355 -1.15941 0.452236 -1.78832 0.565296 0.20367 
-1.015 -0.860252 0.666851 0.0656997 1.11238 -0.884725 0.0710283 -0.368817 0.84624 -0.667698 0.419827 -1.10244 -0.0610382 0.754616 -0.0222737 -0.266703 -0.0038937 0.972614 -1.38385 0.365562 -0.286305 1.07368 -0.52991 -1.25671 0.95454 -0.883504 0.463293 0.207789 1.10162 0.52765 -0.189877 1.39395 0.599272 0.42849 -0.0465814 -0.488 -0.561485 0.581681 -1.80087 -0.172184 0.399738 -0.449366 0.403118 -1.29675 -1.09855 -0.777408 0.115281 1.13077 1.60039 -0.869238 -0.218806 -0.352958 1.07342 0.633471 0.25783 -0.472383 -0.239347 0.977668 1.0307 -0.305807 -0.517767 -0.152488 -0.395039 -0.717824 
0.728384 -0.0995257 0.382913 -0.708648 0.145971 -0.270156 0.46642 -1.06684 0.856198 -0.536977 0.467716 0.752561 0.105046 -0.902419 0.958425 -0.862703 0.477776 0.678081 -0.027809 -0.897695 -0.945536 -0.848911 1.11564 0.718737 -0.684087 0.549933 0.113103 0.537762 0.099237 0.130926 -0.609083 -0.467978 0.605793 0.693591 -0.320038 0.906017 -0.0830663 -0.364679 -1.06782 -0.142441 -0.671798 -0.63289 -0.503538 0.456272 -0.190006 0.255948 -0.322174 -0.86351 0.850799 0.322185 0.227153 1.06954 0.622207 -0.384192 -0.1675 -1.05786 -0.559012 -0.160812 -0.0590487 -0.761393 -1.24606 -0.401733 1.30001 0.105949 
0.0909728 -0.161223 1.28462 0.878897 -1.493 0.335319 0.110975 0.409697 0.183784 0.525062 -1.03747 0.768117 1.22583 0.300375 -0.788115 -1.66019 0.668863 -0.489983 -1.43535 -1.50655 -0.250687 -1.01756 0.537163 -0.614037 -0.797939 -0.660193 1.33241 0.141307 -0.0532099 -1.00035 -0.647615 -0.824667 0.145847 0.0746542 -0.496413 0.0756681 0.231947 0.02741 0.643744 0.402993 -0.531007 0.201208 -0.238273 -0.27153 -0.688967 -0.655337 0.449697 0.180288 -0.26537 0.603599 0.209823 -0.924852 1.45322 0.0892677 0.264001 0.788179 0.358474 -0.56507 -0.316294 -1.1422 -1.18279 -1.46167 0.840943 -0.543098 
-0.0422907 -1.38413 -0.543901 -1.01483 -0.230578 0.757359 0.755262 -0.792691 0.106889 -0.0894966 0.627201 0.777181 -1.10595 -0.292834 -0.744174 -0.296207 -1.73082 -0.387952 0.556605 -0.797797 0.320742 -0.948263 -1.01081 0.129042 0.652222 0.0588233 0.518582 0.142324 0.200996 -1.12866 -0.887936 -0.0854981 0.74011 0.782998 0.394657 0.694742 1.42839 -1.6172 -0.53026 0.0173853 0.691026 1.12083 -0.131526 1.26521 1.12529 0.0832357 -0.822531 0.921468 -1.10428 0.179935 -0.453992 0.395837 -0.360025 0.288295 1.32196 0.784499 0.045988 0.411504 0.880446 0.213743 -0.87635 0.0725774 -0.165087 0.0860654 
0.914194 -0.198765 -0.341454 -0.314774 -0.418973 -0.27162 -0.277596 0.205568 0.0748991 0.889907 0.435907 -0.232825 -1.1482 0.251382 -1.46382 -0.0473497 -1.08349 0.393826 -1.43733 -0.0933653 -0.416396 -0.350371 -0.773609 -0.371705 0.764246 0.340506 -0.00192014 -0.267141 -0.277425 1.02599 -1.12644 -1.07767 -0.0924911 -1.11121 -1.28321 -0.294784 -0.0739823 0.703264 0.606753 -0.783965 0.328691 -0.867198 -0.123729 0.426865 -0.35801 -0.455249 -0.501419 0.228603 0.491372 -0.502088 0.934635 -0.887551 -0.500266 -0.425787 -0.111463 0.442078 -0.559689 0.958942 0.796732 0.264318 0.833173 -0.427696 -0.790725 -0.140849 
-0.634216 -1.39471 -0.535902 -1.14976 -0.308808 -1.47007 0.636604 0.965064 -0.311659 -1.24163 -0.385661 0.292686 1.05994 -0.155632 -0.976043 0.54812 -0.090062 1.3193 1.21331 1.04023 0.0537367 -0.269664 0.76792 -0.405904 0.779619 -0.373748 0.229994 -0.370328 0.742216 0.432372 -0.697699 0.189543 -0.491234 0.666592 -0.000945472 1.03243 1.08582 0.660456 -0.690981 -0.265293 -0.868665 -0.804038 0.86888 -0.561193 0.174351 0.272417 0.71025 0.651226 0.358726 1.22325 -0.664066 0.463351 -0.821146 -0.820904 0.347699 -0.655109 0.722669 -0.372155 1.16626 1.52148 0.0306325 -0.49645 -0.143341 -0.787254 
0.507713 -1.05352 -1.39847 0.157673 0.748099 -0.718041 -0.181353 -0.329815 0.827776 1.45764 0.276264 -0.563193 -0.512326 -0.911815 -0.463527 1.26547 -0.211285 -0.853724 -0.443244 -0.488165 0.560116 -0.918516 0.77882 -0.426949 -0.0535316 -0.628562 -0.87166 1.00878 0.746223 1.05941 1.66633 -0.233932 0.78597 -0.463104 0.699826 -0.555349 0.49278 -0.85868 -0.49652 -0.172171 -0.316998 0.339216 -0.417744 0.624313 -0.0329431 -0.749054 -1.0126 -1.58393 1.14518 0.366976 -0.570908 0.682818 -0.875449 0.403054 1.35311 -1.20803 -1.82225 0.563546 0.451205 0.320784 1.42521 -0.119421 1.04058 -0.609444 
0.528818 -0.774644 0.367453 -0.305585 0.228527 -0.0153503 -0.430204 -0.559196 0.248003 -0.220279 0.607084 0.00235281 -0.853736 -1.02695 -0.930803 -0.321013 -0.781542 -0.348467 0.273059 -1.1911 1.0581 0.826463 -0.832353 -0.459972 -1.40853 -0.0667862 -0.280231 0.840595 1.38395 1.80374 -0.791588 0.59045 -1.24989 0.699178 -1.13861 0.0198906 -0.312749 1.12373 -0.744244 -0.361845 0.732812 -1.12641 1.0769 -0.37764 0.183088 0.540489 0.0990727 0.126747 -0.103572 -0.0778895 0.994312 -1.21147 -1.04694 0.29571 -0.385292 -0.0975779 -0.229881 -0.618648 -1.21991 0.626651 -0.853481 -0.247867 -1.19031 -0.708525 
-0.926627 -0.628294 0.450061 -0.597136 0.421565 0.924978 0.153235 0.682791 0.132232 -0.770704 -0.638703 0.00727709 -0.396244 1.11587 1.24213 -0.478473 -0.151078 1.23081 -1.61163 0.307384 -0.00562759 -0.462458 -1.32683 -1.17833 0.142052 -0.891099 0.255161 0.0703411 0.715673 -0.889524 -0.447512 -0.339476 0.253613 0.591355 0.350777 0.0032215 1.34918 0.385031 0.245217 0.506248 0.117329 -0.420707 -0.844221 -1.04173 0.714527 0.693707 -1.0809 0.516947 -0.481504 -1.08377 -0.256712 0.787214 -0.325059 0.645569 0.0273488 -0.892603 -1.20966 -0.164135 -0.897667 0.846044 -0.980778 0.544797 0.52134 -1.13263 
0.844804 1.29948 -0.4322 0.678888 1.83188 -0.546675 0.589176 -0.810489 -0.0218069 0.834522 -1.17008 -0.600049 0.467148 0.0941228 -0.284737 1.84593 1.27124 0.103787 0.409624 -0.397424 -0.498538 0.129432 0.969891 -0.755949 0.462643 0.467747 0.542876 -0.760959 -0.898314 0.441482 0.811118 0.193312 -0.830095 -0.0336742 0.108799 -0.484843 0.232085 0.786948 -0.729295 -0.914923 1.59961 -0.852119 -0.947427 0.747175 0.274006 0.0888312 -0.0846889 0.286742 -1.12714 0.110184 0.618312 1.33698 0.226101 1.58875 -0.589358 -0.330356 0.903798 -0.621442 -0.810606 -0.252709 -0.642971 -0.501011 -1.149 -0.945138 
-0.647084 1.21981 0.0763908 -0.235045 -0.115281 0.0169854 1.45235 0.4892 -0.19933 0.895689 0.372823 -0.160636 -0.683984 -0.299847 -0.200584 -0.291127 1.13856 -0.339282 1.41027 -1.14757 -0.125422 1.09847 0.155289 -0.219523 -0.471872 -0.81802 -0.740349 1.01517 -0.50246 0.388404 -0.163083 -0.47978 -1.48699 0.563842 -0.0339851 0.457679 -0.725113 1.2116 -0.5953 1.22777 -0.204257 -0.445811 -0.540994 -0.945978 0.504463 -0.583682 0.208832 -0.719001 -0.0158934 0.0219864 -1.05415 1.02814 0.0957834 -0.967503 0.349469 0.76135 -0.189378 0.361745 1.51609 -0.183427 -0.577983 0.0880771 0.761067 -1.14467 
0.367486 -1.12625 -0.272165 -0.621679 -0.953378 1.8621 0.611416 -0.853481 -0.0759629 0.426464 -0.507203 -0.79931 -0.785321 -0.528792 -1.31055 1.21079 0.130271 -0.410641 0.287967 -0.124301 -0.968978 -1.05435 -0.462668 -0.148412 -0.608013 0.254341 0.210616 0.577743 -0.345931 -0.528079 -1.25314 -0.844787 0.809155 0.536431 -0.127131 -1.37038 0.650767 0.347087 -1.16087 0.631381 -0.873887 0.790931 1.25915 -0.339691 -0.749427 0.959325 -0.734327 -0.913127 -0.82639 -0.757614 -0.838131 -0.718993 -1.0452 -1.15658 -0.67252 -0.206465 0.368542 0.839169 0.172476 -0.630839 -0.917982 -0.0572957 -0.60271 -0.731806 
-0.00374385 -0.0269617 -0.359673 -0.767822 0.412825 0.100394 -0.548937 -1.13464 -0.463391 0.778392 -1.07543 -0.588743 0.461513 0.480582 0.584734 -1.31516 -0.00814066 -0.281536 0.170736 -0.0515917 -0.408188 -0.704223 -0.495548 -0.800591 -0.237986 -2.2824 -0.288428 -1.56092 -0.454329 -0.132459 -0.546633 -0.801549 0.607634 -0.500596 1.04022 0.730081 0.846403 1.09051 -0.159496 0.927889 0.693042 0.944281 0.0948924 1.11897 0.704611 0.532456 0.123942 -0.405129 -0.746912 -0.966086 -0.114469 -0.363171 -1.001 1.00999 1.36829 -0.853124 0.202366 -1.01888 0.87467 0.374132 0.727509 0.554962 -0.0656963 -0.43847 
0.0723921 -0.129248 0.137134 0.728496 0.737385 -0.386684 1.01754 -0.10821 -0.609492 0.198557 1.58933 -0.715068 0.133255 -0.507544 0.0561593 -0.390231 -0.482667 -0.240744 0.458542 -0.543581 1.13641 -1.23484 0.185934 0.433433 -0.279082 0.0743251 0.445017 -0.263738 -1.17966 -1.02351 1.40154 0.569896 -0.590356 0.295817 -0.639513 0.192138 0.488291 0.675729 -0.11123 0.935626 -0.279715 0.173511 -0.897527 -0.511738 -0.313943 1.34166 -1.22558 -0.801934 1.30623 0.897669 -0.587835 -0.312256 0.668652 -1.36094 -1.02987 1.64867 1.04908 -0.678078 0.534634 -0.570923 -0.482979 0.290053 -0.48197 0.356353 
