-0.931568 -0.558854 0.713291 -0.0840779 -0.498009 -0.89018 -1.2848 -1.54923 -0.23279 -0.397744 
0.540948 -1.02045 -0.789567 -0.238312 -0.34597 -0.436506 -0.506746 -1.13566 -0.103027 -0.906338 
1.49232 -1.64504 -0.00181233 -2.18343 -0.0112281 0.830151 1.46798 0.306661 0.723425 1.11355 
-1.88608 1.75586 -1.35572 -1.32332 1.41461 -1.19608 -1.0432 -1.86212 2.79247 1.4457 
-0.118704 0.688126 1.41173 -2.19157 -1.43037 -0.78294 1.02921 -0.433847 -0.704148 -0.353896 
-0.718947 1.51959 -0.930056 0.245779 1.30138 0.3276 1.19145 1.98373 -2.32606 2.55769 
1.99347 1.67085 1.21084 -1.1044 -1.05973 1.19917 0.639483 0.0018415 -0.0107441 -0.40671 
-0.316917 0.452072 -1.59669 -0.67382 -0.978383 -1.27483 1.33412 2.27156 -0.827806 -0.471256 
1.53504 -1.70005 0.442039 -1.4906 -0.645866 0.198014 -0.910448 1.45797 -0.80353 -1.3309 
-1.04238 -1.54505 0.721087 1.74266 1.17111 0.326254 -1.54 -0.176303 -0.275499 0.859756 
-0.328109 -0.696211 -1.58232 -1.07124 -0.401574 -0.879994 -1.62981 -1.44374 -0.5139 -1.33636 
1.29371 -1.11805 0.463121 -0.0373749 -1.08119 1.41784 1.87048 -0.605105 -0.743917 -0.889303 
1.59637 0.878437 0.636229 -0.545367 -0.856439 -1.20618 1.63973 1.49385 -0.359977 0.0197596 
-1.11646 0.953133 2.29731 -1.1972 1.39883 1.96607 -0.326156 -0.0100085 -0.519276 3.41247 
0.0792997 1.0956 -1.46567 0.371801 -0.294441 -0.548706 -0.448073 1.04594 -0.95537 -1.07131 
-0.534091 1.77211 -0.00766581 0.649139 -0.658661 0.0717378 -1.50811 -0.901001 -0.379788 0.434894 
-0.960792 -0.812 -0.716503 0.592814 0.381407 -0.459114 -0.854465 -0.728981 -1.28795 0.460278 
0.711467 -0.454796 1.55821 0.810279 2.55558 -1.49338 -0.139357 0.457828 1.12558 -1.21038 
0.319613 -1.45104 -1.05891 1.06318 -0.688582 -0.684349 1.45708 0.767153 -1.01437 1.58915 
1.63241 0.109194 1.36568 1.1256 -0.0446751 -1.26173 0.437682 -1.31334 2.29953 -1.44942 
-0.533467 0.308078 0.210639 1.62604 -1.48898 -0.0255396 2.21151 2.51558 3.02194 -0.921778 
1.43924 0.237665 0.649756 1.67899 -0.967325 0.345348 -0.186593 -1.78406 1.96147 0.90045 
-1.29323 1.62056 1.35226 -0.714306 -0.986552 0.960539 -0.259677 -0.641348 -0.863405 -0.425909 
-0.321832 0.00574111 -0.802471 0.473745 0.423501 -0.0472014 -0.35921 0.379525 0.669022 0.920787 
-0.483347 -0.186826 2.82888 -1.0281 -0.826485 0.719749 -1 -0.213578 2.59646 -1.18777 
1.43908 2.22631 -0.62114 0.0839467 0.0962809 -0.627307 -0.0418016 -0.0120563 -0.00688912 0.0628438 
-0.058388 -0.0715335 0.0491062 -0.0369632 -0.0521865 -0.0772634 -0.0462256 -0.0317824 -0.0110667 0.336354 
-0.092866 -0.0316672 0.386843 -0.0560269 -0.00137439 -0.0171793 -0.0745473 -0.0118334 -0.00905275 -0.0923579 
-0.0548723 -0.126959 -0.0988139 0.395962 -0.0919503 -0.0739559 -0.0297564 -0.0405298 -0.0562778 0.177142 
-0.01142 -0.00702261 0.0465996 0.00979183 -0.00196325 -0.00252689 -0.00914005 -0.00206227 -0.00316104 -0.0190918 
-0.00587639 -0.00244427 0.0276499 -0.00390698 -0.000308414 -0.00144959 -0.00475688 -0.000913827 -0.000760309 -0.00723517 
-0.0700816 -0.0733795 0.127346 -0.0710815 -0.0505101 -0.0806942 -0.058572 -0.0336224 -0.0106898 0.32135 
-0.0642969 -0.083822 0.0708267 0.479646 -0.052443 -0.0132546 -0.0326301 -0.0204667 -0.0606291 -0.22294 
-0.0811628 -0.0943357 0.167913 0.463674 -0.0525816 -0.01785 -0.0481477 -0.0233568 -0.0624805 -0.251749 
-0.0728017 -0.108752 0.0925694 0.531272 -0.0657574 -0.027062 -0.0402642 -0.0272991 -0.0705695 -0.211322 
-0.0883666 -0.151297 0.0182251 0.54005 -0.105435 -0.0767347 -0.0521812 -0.0477066 -0.0787562 0.0421402 
-0.109903 -0.104838 0.241294 0.0293869 -0.0627831 -0.0878541 -0.0854948 -0.0411157 -0.027234 0.248581 
-0.126636 -0.155247 0.186078 0.36376 -0.0969922 -0.0921516 -0.0866402 -0.0513563 -0.065122 0.124344 
-0.0154976 -0.060215 -0.140279 0.0500398 -0.0578637 -0.068661 -0.010977 -0.0282372 -0.0142979 0.34603 
-0.129997 -0.158862 0.194176 0.49155 -0.0983118 -0.0783439 -0.08439 -0.0492089 -0.0781992 -0.0083249 
-0.0176953 -0.00602732 0.0750813 -0.00878203 -0.000606363 -0.00329543 -0.0138169 -0.00235034 -0.0021005 -0.0204186 
-0.115321 -0.0946833 0.299659 0.388597 -0.0498359 -0.0272712 -0.0760619 -0.0270684 -0.0599113 -0.238164 
-0.0704457 -0.0245994 0.277821 -0.0484481 -0.00261514 -0.0147857 -0.0551902 -0.00943435 -0.00599692 -0.0463074 
-0.100414 -0.0823696 0.242971 -0.0899438 -0.0503874 -0.085442 -0.0821045 -0.0369086 -0.0129606 0.297578 
-0.0938052 -0.035803 0.383969 -0.0373705 -0.00339654 -0.017613 -0.0746174 -0.0124426 -0.0112025 -0.0977347 
-0.0552826 -0.114533 -0.0639347 0.320606 -0.0832561 -0.0719231 -0.0332809 -0.038421 -0.047498 0.187561 
-0.0333981 -0.0596806 -0.0191855 -0.0570178 -0.0494018 -0.0741556 -0.0297283 -0.0289654 -0.00656137 0.358089 
-0.108319 -0.0958906 0.234116 0.0311627 -0.0627033 -0.0863175 -0.084325 -0.040919 -0.0271428 0.240382 
-0.0695078 -0.023358 0.279924 -0.0397165 -0.00081878 -0.0119999 -0.0544695 -0.00833614 -0.00641469 -0.0653085 
-0.10312 -0.081094 0.265883 -0.101275 -0.0479873 -0.0844575 -0.0848772 -0.0364154 -0.0121595 0.285482 
-0.0987751 -0.0774835 0.257029 -0.0885483 -0.0451952 -0.0790304 -0.0809855 -0.0343245 -0.0122445 0.259584 
-0.0930511 -0.0357843 0.37791 -0.0694042 -0.00351751 -0.0245549 -0.075176 -0.0132752 -0.00809168 -0.0550835 
-0.096292 -0.0449878 0.350557 -0.0513376 -0.0158244 -0.0345686 -0.0772468 -0.0190165 -0.0117967 0.000519691 
-0.122852 -0.127635 0.189357 0.288938 -0.0909086 -0.0906654 -0.0860769 -0.0498532 -0.0574333 0.147266 
-0.12314 -0.114457 0.272905 0.469598 -0.0662371 -0.0409944 -0.0790064 -0.0337836 -0.0718699 -0.212996 
-0.0490296 -0.0625921 0.0368457 -0.0219129 -0.047242 -0.0647272 -0.039998 -0.0282955 -0.0106806 0.287614 
-0.0984348 -0.0790351 0.24613 -0.0943263 -0.047787 -0.082872 -0.0807508 -0.0356198 -0.012044 0.284748 
-0.104209 -0.114856 0.223192 0.536305 -0.0620647 -0.0234811 -0.062485 -0.0282036 -0.0746285 -0.289503 
-0.0811377 -0.0268971 0.323732 -0.054203 -0.00131532 -0.0151523 -0.0641649 -0.0101138 -0.00673669 -0.0639755 
-0.0534306 -0.0650216 0.0567324 0.361221 -0.0444953 -0.0178867 -0.0280989 -0.0184809 -0.0473356 -0.14312 
-0.0630037 -0.101999 0.0455577 0.585052 -0.0635106 -0.0148152 -0.0284343 -0.0233776 -0.0732756 -0.262131 
-0.116021 -0.133617 0.198665 0.481007 -0.0782612 -0.0558077 -0.07295 -0.0383192 -0.0724552 -0.112282 
-0.0395653 -0.132004 -0.208434 0.551646 -0.104001 -0.0690582 -0.0115741 -0.0409583 -0.0709242 0.124825 
-0.0437338 -0.0507132 0.0565593 0.301347 -0.0347326 -0.0104664 -0.0228654 -0.0141116 -0.0394432 -0.141788 
